   -1.426333     1.049301     0.000000    -7.010871   -49.500000     0.773107
   -1.073786     1.972223     0.000000     8.008932   -48.500000    -9.143687
   -1.598758     1.285611     0.000000     0.347995   -47.500000    15.608616
   -1.848446     1.810908     0.000000   -12.713113   -46.500000   -13.271276
   -1.387840     1.346736     0.000000    20.686303   -45.500000     1.351620
   -2.022839     1.140173     0.000000   -17.778854   -44.500000    14.271032
   -1.917794     2.213635     0.000000     3.751875   -43.500000   -24.365415
   -1.370527     0.869181     0.000000    14.628797   -42.500000    21.903157
   -2.195102     1.860557     0.000000   -27.086708   -41.500000    -6.637789
   -0.608170     2.478292     0.000000    25.713618   -40.500000   -14.091127
   -1.664791     0.770201     0.000000    -9.871523   -39.500000    29.022457
   -2.008044     2.153141     0.000000   -12.826750   -38.500000   -29.210007
   -1.104618     0.926828     0.000000    30.259344   -37.500000    13.346239
   -2.202619     1.372363     0.000000   -32.369977   -36.500000    10.951467
   -0.813129     2.212029     0.000000    16.971186   -35.500000   -30.850103
   -1.194588     0.466130     0.000000     8.556719   -34.500000    35.164365
   -1.798204     1.359878     0.000000   -30.833172   -33.500000   -20.665564
   -0.682341     1.426958     0.000000    37.563445   -32.500000    -5.721675
   -1.889174     0.687130     0.000000   -24.355702   -31.500000    30.241524
   -1.848853     2.464350     0.000000    -2.518966   -30.500000   -39.539914
   -0.199071     0.831771     0.000000    29.107055   -29.500000    27.973727
   -2.846748     1.626169     0.000000   -41.070486   -28.500000    -0.982451
   -0.985162     2.233678     0.000000    31.456972   -27.500000   -27.462865
   -1.773008     0.408188     0.000000    -4.715860   -26.500000    42.136809
   -2.147036     2.108197     0.000000   -25.344457   -25.500000   -34.747784
   -0.818529     1.799740     0.000000    42.726012   -24.500000     8.616141
   -2.629437     1.080609     0.000000   -37.793545   -23.500000    22.790304
   -0.949150     2.577343     0.000000    12.619584   -22.500000   -42.831018
   -0.616917     0.879516     0.000000    19.842037   -21.500000    40.546807
   -2.710359     1.578357     0.000000   -42.450702   -20.500000   -16.663971
   -0.342041     2.014143     0.000000    42.965490   -19.500000   -16.544384
   -2.310451     0.550470     0.000000   -20.688829   -18.500000    41.589931
   -2.331977     3.418215     0.000000   -12.944951   -17.500000   -45.013090
   -0.509240     1.042978     0.000000    40.259511   -16.500000    24.635782
   -2.553043     1.380054     0.000000   -46.658885   -15.500000     9.093869
   -0.689421     2.508710     0.000000    28.448972   -14.500000   -38.476045
   -1.287533     0.717929     0.000000     5.043365   -13.500000    47.878121
   -2.570473     2.331341     0.000000   -36.261719   -12.500000   -32.075501
   -0.527853     2.037041     0.000000    48.652154   -11.500000    -0.847268
   -2.739288     0.608409     0.000000   -35.465890   -10.500000    33.644029
   -1.234354     3.177791     0.000000     3.439532    -9.500000   -48.968557
    0.328202     1.675273     0.000000    30.655437    -8.500000    38.574528
   -2.931973     1.907245     0.000000   -48.821170    -7.500000    -7.761657
   -0.431483     2.407802     0.000000    41.360103    -6.500000   -27.332982
   -3.128854     0.523079     0.000000   -12.063832    -5.500000    48.210102
   -2.681000     2.298374     0.000000   -23.717833    -4.500000   -43.786007
   -0.101420     0.990995     0.000000    47.141674    -3.500000    16.291489
   -2.830030     1.090494     0.000000   -45.820701    -2.500000    19.854806
   -0.223866     2.889528     0.000000    20.391365    -1.500000   -45.628305
    0.302136     0.398114     0.000000    15.791838    -0.500000    47.438042
    2.891515     2.171138     0.000000   -43.688347     0.500000   -24.312102
   -0.039704     1.470366     0.000000    48.617556     1.500000   -11.579432
    2.912970     0.724393     0.000000   -28.004828     2.500000    41.345854
    2.993379     2.979768     0.000000    -7.270073     3.500000   -49.344666
    0.316828     0.871900     0.000000    38.630305     4.500000    31.423710
    3.133473     1.149986     0.000000   -49.610860     5.500000     2.917630
   -0.343955     2.349171     0.000000    34.526488     6.500000   -35.576279
    1.802072     0.222980     0.000000    -1.423256     7.500000    49.413807
    2.692333     2.380946     0.000000   -32.223074     8.500000   -37.274971
   -0.008961     1.505284     0.000000    48.757412     9.500000     5.697789
    2.915289     1.443753     0.000000   -39.635488    10.500000    28.614298
    0.918395     3.168555     0.000000     9.851633    11.500000   -47.651814
    0.481390     0.594101     0.000000    24.797411    12.500000    41.579303
    2.796089     1.411242     0.000000   -46.113331    13.500000   -13.831510
    0.663648     2.172212     0.000000    43.082969    14.500000   -20.823252
    2.749534    -0.043578     0.000000   -17.585788    15.500000    44.164353
    2.553530     2.282218     0.000000   -16.745539    16.500000   -44.128641
    0.429090     0.922261     0.000000    41.833177    17.500000    21.065026
    2.509496     1.510425     0.000000   -44.704321    18.500000    12.620367
    0.776440     2.612057     0.000000    24.222491    19.500000   -39.153811
    0.807104     0.213883     0.000000     8.505703    20.500000    44.804051
    2.625850     2.331035     0.000000   -36.165738    21.500000   -27.014614
    0.292090     1.617530     0.000000    44.428034    22.500000    -4.460914
    2.434103     0.345133     0.000000   -29.401386    23.500000    32.913652
    1.476322     2.317198     0.000000    -0.546327    24.500000   -43.582698
    0.852347     1.003922     0.000000    29.447199    25.500000    31.346650
    3.009038     1.547891     0.000000   -42.280680    26.500000    -3.177126
    1.315452     1.908243     0.000000    32.818295    27.500000   -25.820719
    1.581223     0.368248     0.000000    -6.648151    28.500000    40.540746
    2.473799     2.376006     0.000000   -22.093051    29.500000   -33.788269
    0.284728     1.741015     0.000000    38.387617    30.500000     9.805144
    0.772067     0.529146     0.000000     6.034311    31.500000    38.358012
    2.624042     2.362489     0.000000   -29.708641    32.500000   -23.688534
    1.046851     1.083036     0.000000    37.031007    33.500000    -2.540571
    2.092042     1.184700     0.000000   -24.949899    34.500000    26.215502
    0.994251     2.147006     0.000000     0.670298    35.500000   -35.203703
    0.666168     1.326405     0.000000    22.599223    36.500000    25.632501
    2.665119     1.877054     0.000000   -32.884247    37.500000    -3.517992
    1.277495     1.920998     0.000000    25.682537    38.500000   -18.925044
    2.228463     0.770368     0.000000    -5.913307    39.500000    30.079608
    2.158046     2.113184     0.000000   -15.263835    40.500000   -25.035282
    1.033451     1.348179     0.000000    26.789319    41.500000     7.751284
    1.893308     1.572606     0.000000   -23.601496    42.500000    11.692707
    1.192474     2.182791     0.000000     8.896093    43.500000   -22.991510
    1.510121     1.045189     0.000000     8.295983    44.500000    21.235034
    1.945805     1.685657     0.000000   -18.605573    45.500000    -9.142355
    1.074460     1.424286     0.000000    17.637136    46.500000    -5.165408
    1.989633     1.253900     0.000000    -8.083960    47.500000    13.356631
    1.356223     1.803794     0.000000    -2.383491    48.500000   -11.919269
    1.462158     1.592502     0.000000     5.691824    49.500000     4.165710
