   -1.986169     1.300380     0.000000    -4.541357   -49.500000    -5.396858
   -1.349177     1.305181     0.000000    12.053247   -48.500000     1.571383
   -1.568714     1.252955     0.000000   -12.778923   -47.500000     8.969344
   -1.152304     2.055367     0.000000     3.959962   -46.500000   -17.946273
   -1.141806     1.536049     0.000000    10.380538   -45.500000    17.944203
   -2.417548     1.431901     0.000000   -21.747786   -44.500000    -6.839870
   -0.990429     1.784768     0.000000    22.336751   -43.500000   -10.431662
   -1.310261     1.322662     0.000000   -10.068655   -42.500000    24.338697
   -1.716962     2.505141     0.000000    -9.546497   -41.500000   -26.203328
   -0.998270     1.173401     0.000000    26.010874   -40.500000    13.534564
   -2.370937     1.116132     0.000000   -29.610460   -39.500000     7.935406
   -1.257088     2.408686     0.000000    17.143575   -38.500000   -26.904421
   -1.438653     0.901801     0.000000     5.735388   -37.500000    32.570774
   -1.677350     2.691832     0.000000   -27.103152   -36.500000   -20.812717
   -0.626094     1.808629     0.000000    35.077631   -35.500000    -3.051192
   -1.958119     0.830219     0.000000   -24.466901   -34.500000    26.666848
   -2.210211     2.492445     0.000000     0.028650   -33.500000   -37.118044
   -0.694526     0.900201     0.000000    25.644775   -32.500000    28.037395
   -2.513055     1.543098     0.000000   -38.678447   -31.500000    -3.424576
   -0.624473     2.318010     0.000000    31.461116   -30.500000   -24.082114
   -1.436722     1.164695     0.000000    -7.062436   -29.500000    39.747604
   -3.078732     2.024632     0.000000   -22.023225   -28.500000   -34.680362
   -0.941396     1.563430     0.000000    40.318175   -27.500000    10.871741
   -2.637195     1.790744     0.000000   -37.642782   -26.500000    19.513354
   -1.001769     2.647636     0.000000    14.784831   -25.500000   -40.387607
   -0.218354     0.717720     0.000000    16.599461   -24.500000    40.301463
   -3.038574     1.988637     0.000000   -39.958611   -23.500000   -18.736580
   -0.325136     1.992039     0.000000    42.615092   -22.500000   -13.330562
   -2.604088     0.867101     0.000000   -22.664403   -21.500000    39.039401
   -1.826658     3.152266     0.000000    -9.757741   -20.500000   -44.548137
   -0.464338     1.268954     0.000000    37.643752   -19.500000    26.508450
   -2.499831     1.663682     0.000000   -46.071011   -18.500000     5.933966
   -0.553788     2.509208     0.000000    30.211911   -17.500000   -35.790927
   -1.671032     0.533544     0.000000     1.913761   -16.500000    47.160232
   -2.741796     2.005094     0.000000   -33.505506   -15.500000   -33.721374
   -0.729455     0.888148     0.000000    47.798536   -14.500000     2.247217
   -2.625294     0.860107     0.000000   -36.987220   -13.500000    30.817130
   -1.272856     2.292367     0.000000     6.492666   -12.500000   -47.974944
   -0.431767     0.462954     0.000000    27.760169   -11.500000    39.964021
   -2.918200     1.267274     0.000000   -47.684794   -10.500000   -10.766172
   -0.307025     2.073124     0.000000    42.610923    -9.500000   -24.373331
   -0.921896     0.317346     0.000000    39.370229    -8.500000    29.626593
   -2.876010     1.346946     0.000000   -49.204200    -7.500000     4.764102
   -0.163425     2.258074     0.000000    33.158115    -6.500000   -36.854978
   -1.521516     0.444925     0.000000     0.446504    -5.500000    49.694573
   -2.784551     1.902850     0.000000   -33.965996    -4.500000   -36.415122
   -0.105355     1.369648     0.000000    49.723544    -3.500000     3.913975
   -2.774325     0.931388     0.000000   -39.355820    -2.500000    30.738729
   -0.492801     2.866629     0.000000     8.262663    -1.500000   -49.289739
   -0.418925     0.665095     0.000000    27.212999    -0.500000    41.942850
    2.599081     1.787986     0.000000   -48.398007     0.500000   -12.545236
    0.191745     2.212518     0.000000    44.143699     1.500000   -23.432538
    3.266854     0.494279     0.000000   -16.708343     2.500000    47.059338
    2.768144     2.837879     0.000000   -19.444479     3.500000   -45.931059
   -0.006240     1.017628     0.000000    45.290741     4.500000    20.700213
    2.620724     1.031787     0.000000   -47.283148     5.500000    15.298822
   -0.203917     2.910754     0.000000    24.471248     6.500000   -43.115056
    0.343361     0.529224     0.000000    11.047864     7.500000    48.183967
    2.475209     1.699091     0.000000   -40.560716     8.500000   -27.974601
    0.270753     1.297902     0.000000    48.623519     9.500000    -6.745623
    2.562032     0.722185     0.000000   -31.166720    10.500000    37.661460
    1.489333     2.909491     0.000000    -2.447238    11.500000   -48.597953
    0.473584     0.784398     0.000000    34.455997    12.500000    34.007856
    2.757851     1.931737     0.000000   -48.109667    13.500000    -1.791622
    0.538563     2.259168     0.000000    36.462533    14.500000   -30.987638
    1.835354     0.506166     0.000000    -5.915352    15.500000    47.167347
    2.618070     2.104127     0.000000   -27.303888    16.500000   -38.499970
    0.331922     1.740667     0.000000    45.785949    17.500000     9.868985
    2.946454     1.063021     0.000000   -40.094452    18.500000    23.456020
    0.865355     2.276859     0.000000    13.598739    19.500000   -43.986638
    0.918403     0.434769     0.000000    19.498644    20.500000    41.225634
    2.704046     1.740275     0.000000   -41.796671    21.500000   -17.052517
    0.817760     1.310083     0.000000    41.878785    22.500000   -15.489267
    1.567236    -0.002103     0.000000   -20.180354    23.500000    39.249246
    1.935706     2.462217     0.000000   -11.487896    24.500000   -42.044955
    0.695426     0.830434     0.000000    36.383322    25.500000    22.934775
    2.840091     1.401135     0.000000   -41.721057    26.500000     7.556682
    0.601953     2.298453     0.000000    25.271034    27.500000   -33.243418
    1.292608     0.780614     0.000000     3.759668    28.500000    40.909839
    2.330022     1.562649     0.000000   -29.879431    29.500000   -27.147184
    0.836348     1.671296     0.000000    39.619737    30.500000    -0.162696
    2.358273     1.309151     0.000000   -28.523905    31.500000    26.346477
    1.192158     2.741412     0.000000     3.166429    32.500000   -37.864544
    1.026663     0.853287     0.000000    22.704839    33.500000    29.363928
    2.435131     1.079033     0.000000   -35.662827    34.500000    -6.157332
    1.221008     1.981929     0.000000    29.630840    35.500000   -19.020076
    1.761895     0.976643     0.000000    -8.735702    36.500000    33.036911
    2.456086     2.500725     0.000000   -15.363460    37.500000   -29.286756
    0.361059     1.616900     0.000000    30.011097    38.500000    10.820538
    2.392374     1.625605     0.000000   -28.287859    39.500000    11.813003
    1.221376     2.307396     0.000000    12.318637    40.500000   -26.608292
    1.795201     1.037657     0.000000     8.455680    41.500000    26.575392
    1.701520     2.412764     0.000000   -22.842954    42.500000   -13.112950
    0.638074     1.625084     0.000000    24.055644    43.500000    -5.392217
    1.767252     1.021874     0.000000   -13.035120    44.500000    18.703894
    1.559829     2.146072     0.000000    -2.748479    45.500000   -20.547405
    0.848009     1.589337     0.000000    14.101217    46.500000    11.785825
    1.177824     1.148113     0.000000   -15.596382    47.500000     0.709125
    1.329239     1.630113     0.000000     8.580714    48.500000    -8.609375
    1.288291     1.481738     0.000000    -0.296869    49.500000     7.047118
