   -1.290571     1.618580     0.000000    -2.990769   -49.500000     6.387903
   -1.734416     1.562187     0.000000    -3.635641   -48.500000   -11.598798
   -1.809554     1.677924     0.000000    13.506602   -47.500000     7.830818
   -1.910241     1.166934     0.000000   -17.950082   -46.500000     3.942660
   -1.406334     1.572477     0.000000    11.925928   -45.500000   -16.956481
   -1.402280     0.766564     0.000000     2.925447   -44.500000    22.609550
   -1.365940     2.008209     0.000000   -18.847523   -43.500000   -15.890906
   -1.420313     1.073761     0.000000    26.316851   -42.500000    -1.083220
   -1.982050     1.171849     0.000000   -19.771734   -41.500000    19.667957
   -1.633417     2.098043     0.000000     1.360029   -40.500000   -29.289935
   -1.156305     1.611839     0.000000    19.636636   -39.500000    23.540444
   -2.474762     1.671538     0.000000   -31.616471   -38.500000    -4.260135
   -0.982816     2.045626     0.000000    27.150966   -37.500000   -18.883195
   -1.937984     1.127407     0.000000    -7.506600   -36.500000    33.337681
   -2.518000     2.495055     0.000000   -17.499911   -35.500000   -30.553283
   -1.027446     1.346919     0.000000    34.476284   -34.500000    11.006173
   -2.131152     0.603928     0.000000   -33.698431   -33.500000    15.561675
   -1.515950     2.592978     0.000000    14.675784   -32.500000   -35.048129
   -1.480906     0.985434     0.000000    13.135000   -31.500000    36.540687
   -2.239795     2.085773     0.000000   -35.067726   -30.500000   -18.439213
   -0.430861     1.718969     0.000000    39.038712   -29.500000   -10.282459
   -2.002931     0.889547     0.000000   -22.225461   -28.500000    34.551106
   -1.788682     2.930291     0.000000    -7.064943   -27.500000   -41.156246
   -0.750117     1.232613     0.000000    33.517341   -26.500000    25.968015
   -2.401958     0.839261     0.000000   -42.862556   -25.500000     3.542785
   -0.399735     2.188201     0.000000    29.604581   -24.500000   -31.989354
   -1.412521     0.566413     0.000000    -0.223773   -23.500000    44.132753
   -2.915936     2.791808     0.000000   -29.994278   -22.500000   -33.077081
   -0.361810     0.847095     0.000000    44.948011   -21.500000     4.174481
   -2.618809     0.095873     0.000000   -36.331813   -20.500000    27.563552
   -1.216601     2.402573     0.000000     8.249239   -19.500000   -45.295696
   -0.563735     0.510186     0.000000    24.732822   -18.500000    39.319683
   -2.319664     1.835911     0.000000   -45.169432   -17.500000   -12.388398
   -0.288950     2.210053     0.000000    41.996484   -16.500000   -21.541711
   -2.671309    -0.051284     0.000000   -16.533163   -15.500000    44.569098
   -2.352916     2.396757     0.000000   -18.033479   -14.500000   -44.323173
   -0.143945     1.127701     0.000000    43.500757   -13.500000    20.626055
   -3.185228     1.343281     0.000000   -46.266143   -12.500000    14.254614
   -0.647592     2.560878     0.000000    24.611411   -11.500000   -41.976522
   -0.799150     0.001774     0.000000    10.254355   -10.500000    47.797471
   -2.925215     2.401520     0.000000   -40.014367    -9.500000   -28.435900
    0.030917     0.950823     0.000000    48.895122    -8.500000    -6.084166
   -2.690956     0.122869     0.000000   -32.049036    -7.500000    37.637871
   -1.448264     2.835804     0.000000    -1.797181    -6.500000   -49.543114
   -0.260390     0.789147     0.000000    34.875908    -5.500000    35.403686
   -2.760241     1.540037     0.000000   -49.731633    -4.500000    -2.552391
   -0.405189     1.943761     0.000000    38.456557    -3.500000   -31.762293
   -2.998372     0.206703     0.000000    -6.909865    -2.500000    49.457090
   -3.444189     2.891919     0.000000   -28.335363    -1.500000   -41.168644
   -0.042436     1.793969     0.000000    48.722129    -0.500000    11.220704
    2.860979     1.032579     0.000000   -43.505658     0.500000    24.637527
    0.477137     2.671993     0.000000    15.431131     1.500000   -47.535568
    0.259104     0.212436     0.000000    20.714772     2.500000    45.438400
    3.368134     1.954408     0.000000   -45.912294     3.500000   -19.488747
    0.023378     1.753520     0.000000    46.943095     4.500000   -16.616132
    2.396105     0.655307     0.000000   -23.343131     5.500000    43.873093
    2.301278     3.280496     0.000000   -12.393132     6.500000   -48.001670
    0.045046     0.710375     0.000000    41.444426     7.500000    26.946420
    2.732831     1.116872     0.000000   -48.601983     8.500000     8.099211
    0.413979     2.796899     0.000000    30.253869     9.500000   -38.658161
    1.132594    -0.228945     0.000000     3.789128    10.500000    48.737999
    3.442576     2.596764     0.000000   -35.551250    11.500000   -33.224368
    0.425778     1.550898     0.000000    48.409896    12.500000     0.481631
    2.529426     0.800354     0.000000   -35.820933    13.500000    32.165366
    1.361520     3.076546     0.000000     4.657458    14.500000   -47.624133
    0.552209     1.265104     0.000000    28.546511    15.500000    38.011139
    2.627467     1.593036     0.000000   -46.393448    16.500000    -8.683199
    0.479590     2.048276     0.000000    39.767516    17.500000   -24.744588
    2.785242     0.480941     0.000000   -12.504717    18.500000    44.736809
    2.235080     2.993221     0.000000   -20.812967    19.500000   -41.067876
    0.143575     1.835585     0.000000    42.679313    20.500000    16.069420
    2.081033     1.404818     0.000000   -41.895582    21.500000    16.808040
    1.120739     2.310178     0.000000    19.326734    22.500000   -40.252048
    0.792516     0.877331     0.000000    12.788800    23.500000    42.239751
    2.978049     2.292401     0.000000   -37.491915    24.500000   -22.228502
    0.408632     2.014732     0.000000    42.095369    25.500000    -8.816457
    2.391911     0.475239     0.000000   -24.729286    26.500000    34.441435
    2.174544     2.646244     0.000000    -4.954125    27.500000   -41.463317
    0.921309     1.345448     0.000000    31.148544    28.500000    26.786530
    2.654867     1.738780     0.000000   -40.350286    29.500000     1.266644
    1.021046     2.189131     0.000000    28.360515    30.500000   -27.666427
    1.451890     0.338063     0.000000    -2.179401    31.500000    38.768547
    2.026443     2.369617     0.000000   -24.053404    32.500000   -29.414006
    0.668489     1.359148     0.000000    36.735507    33.500000     5.315308
    1.634045     1.117576     0.000000   -29.911409    34.500000    20.372963
    1.340147     2.257839     0.000000     8.069323    35.500000   -34.272964
    1.108401     0.998355     0.000000    16.694032    36.500000    29.817097
    2.323626     2.288822     0.000000   -31.405793    37.500000   -10.364659
    1.051088     1.787592     0.000000    29.092212    38.500000   -13.091722
    1.772204     1.283531     0.000000   -12.115581    39.500000    28.159593
    1.466812     2.431459     0.000000    -9.648945    40.500000   -27.688407
    1.301828     1.431873     0.000000    24.556015    41.500000    13.219385
    1.644987     1.718934     0.000000   -25.534683    42.500000     6.459874
    1.778601     2.027348     0.000000    13.538681    43.500000   -20.602284
    0.958485     1.180601     0.000000    22.448761    44.500000     3.975317
    2.223200     1.349552     0.000000   -17.493532    45.500000    11.123233
    1.309807     1.478486     0.000000     4.774411    46.500000   -17.746972
    1.642051     1.174559     0.000000     7.193247    47.500000    13.856666
    1.964024     1.570367     0.000000   -11.416880    48.500000    -4.171912
    1.025018     1.603636     0.000000     6.520266    49.500000    -2.690005
