 grandtheta   IH(0°)  IH(90°)  IV(0°)  IV(90°) 
 -180.000000    3.794352   17.199658   17.199658   3.794352 
 -178.000000    3.794833   17.180552   17.197813   3.794936 
 -176.000000    3.796274   17.123333   17.192277   3.796685 
 -174.000000    3.798671   17.028306   17.183048   3.799592 
 -172.000000    3.802019   16.895974   17.170124   3.803642 
 -170.000000    3.806308   16.727039   17.153499   3.808818 
 -168.000000    3.811527   16.522399   17.133169   3.815095 
 -166.000000    3.817661   16.283144   17.109127   3.822445 
 -164.000000    3.824694   16.010551   17.081365   3.830832 
 -162.000000    3.832606   15.706079   17.049876   3.840219 
 -160.000000    3.841373   15.371363   17.014651   3.850562 
 -158.000000    3.850971   15.008206   16.975680   3.861811 
 -156.000000    3.861368   14.618576   16.932954   3.873914 
 -154.000000    3.872535   14.204594   16.886462   3.886813 
 -152.000000    3.884433   13.768527   16.836194   3.900447 
 -150.000000    3.897024   13.312780   16.782142   3.914751 
 -148.000000    3.910264   12.839884   16.724295   3.929655 
 -146.000000    3.924107   12.352492   16.662644   3.945087 
 -144.000000    3.938501   11.853361   16.597183   3.960969 
 -142.000000    3.953392   11.345348   16.527905   3.977224 
 -140.000000    3.968719   10.831392   16.454805   3.993768 
 -138.000000    3.984420   10.314509   16.377879   4.010516 
 -136.000000    4.000427   9.797772   16.297129   4.027382 
 -134.000000    4.016669   9.284302   16.212554   4.044275 
 -132.000000    4.033068   8.777251   16.124161   4.061104 
 -130.000000    4.049544   8.279790   16.031956   4.077777 
 -128.000000    4.066014   7.795084   15.935953   4.094197 
 -126.000000    4.082388   7.326286   15.836165   4.110269 
 -124.000000    4.098573   6.876504   15.732614   4.125896 
 -122.000000    4.114473   6.448794   15.625323   4.140981 
 -120.000000    4.129988   6.046127   15.514325   4.155425 
 -118.000000    4.145015   5.671372   15.399653   4.169130 
 -116.000000    4.159448   5.327269   15.281351   4.181998 
 -114.000000    4.173177   5.016400   15.159466   4.193931 
 -112.000000    4.186093   4.741170   15.034053   4.204833 
 -110.000000    4.198083   4.503769   14.905176   4.214607 
 -108.000000    4.209033   4.306149   14.772903   4.223160 
 -106.000000    4.218830   4.149992   14.637313   4.230398 
 -104.000000    4.227359   4.036683   14.498493   4.236232 
 -102.000000    4.234508   3.967279   14.356537   4.240573 
 -100.000000    4.240166   3.942480   14.211551   4.243337 
 -98.000000    4.244224   3.962606   14.063647   4.244444 
 -96.000000    4.246578   4.027572   13.912949   4.243815 
 -94.000000    4.247126   4.136864   13.759590   4.241379 
 -92.000000    4.245773   4.289524   13.603713   4.237068 
 -90.000000    4.242429   4.484140   13.445472   4.230822 
 -88.000000    4.237012   4.718832   13.285030   4.222584 
 -86.000000    4.229447   4.991253   13.122562   4.212307 
 -84.000000    4.219671   5.298597   12.958253   4.199950 
 -82.000000    4.207627   5.637606   12.792297   4.185481 
 -80.000000    4.193273   6.004591   12.624901   4.168876 
 -78.000000    4.176575   6.395461   12.456282   4.150123 
 -76.000000    4.157515   6.805760   12.286664   4.129217 
 -74.000000    4.136087   7.230707   12.116285   4.106167 
 -72.000000    4.112300   7.665250   11.945390   4.080991 
 -70.000000    4.086177   8.104130   11.774235   4.053721 
 -68.000000    4.057759   8.541942   11.603084   4.024401 
 -66.000000    4.027100   8.973216   11.432210   3.993088 
 -64.000000    3.994271   9.392490   11.261892   3.959851 
 -62.000000    3.959362   9.794398   11.092418   3.924776 
 -60.000000    3.922476   10.173756   10.924083   3.887961 
 -58.000000    3.883736   10.525647   10.757187   3.849517 
 -56.000000    3.843278   10.845515   10.592035   3.809572 
 -54.000000    3.801256   11.129243   10.428936   3.768265 
 -52.000000    3.757838   11.373238   10.268203   3.725751 
 -50.000000    3.713209   11.574505   10.110152   3.682195 
 -48.000000    3.667565   11.730713   9.955099   3.637779 
 -46.000000    3.62111   241.434345   96.094273 
 -58.000000    2148.676930   8277.918132   241.001994   95.068427 
 -56.000000    2077.630300   8507.908778   240.581368   93.965896 
 -54.000000    2001.610215   8685.275993   240.172936   92.791526 
 -52.000000    1921.018416   8805.995990   239.777130   91.550840 
 -50.000000    1836.296766   8866.825975   239.394348   90.250017 
 -48.000000    1747.925024   8865.402796   239.024953   88.895857 
 -46.000000    1656.418192   8800.327737   238.669275   87.495742 
 -44.000000    1562.323458   8671.234817   238.327607   86.057599 
 -42.000000    1466.216728   8478.840257   238.000211   84.589837 
 -40.000000    1368.698788   8224.971109   237.687316   83.101299 
 -38.000000    1270.391119   7912.571506   237.389121   81.601189 
 -36.000000    1171.931395   7545.685432   237.105794   80.099006 
 -34.000000    1073.968701   7129.415515   236.837479   78.604470 
 -32.000000    977.158527   6669.857875   236.584290   77.127441 
 -30.000000    882.157563   6174.013688   236.346322   75.677836 
 -28.000000    789.618365   5649.678726   236.123645   74.265547 
 -26.000000    700.183943   5105.312726   235.916312   72.900352 
 -24.000000    614.482317   4549.891019   235.724361   71.591829 
 -22.000000    533.121114   3992.741346   235.547811   70.349269 
 -20.000000    456.682252   3443.369259   235.386673   69.181589 
 -18.000000    385.716787   2911.275885   235.240947   68.097251 
 -16.000000    320.739963   2405.772082   235.110626   67.104181 
 -14.000000    262.226541   1935.793241   234.995696   66.209696 
 -12.000000    210.606444   1509.719008   234.896141   65.420427 
 -10.000000    166.260787   1135.202204   234.811943   64.742262 
 -8.000000    129.518329   819.011008   234.743083   64.180283 
 -6.000000    100.652394   566.888236   234.689545   63.738721 
 -4.000000    79.878300   383.431145   234.651315   63.420910 
 -2.000000    67.351318   271.994703   234.628382   63.229254 
 0.000000    63.165206   234.620738   234.620738   63.165206 
