********************************************************
****           Py_SHS: An open source software      ****
****         about Second Harmonic Scattering       ****
**** Dr Pierre-Marie GASSIN and Dr Gaelle GASSIN    ****
****                  ICGM - ENSCM                  ****
****                   june 2021                    ****
********************************************************
                                                        
           Don't forget to cite this work:              
    J. Chem. Inf. Model. 2020, 60, 12, pp 5912–5917     
                                                        
********************************************************
********************************************************
******          SIMULATION RESULTS               *******
********************************************************
******     SURFACE HYPERPOLARISABILITY TENSOR     ******

    xxx=0.000000   xxy=0.000000   xxz= 0.000000            
    xyx=0.000000   xyy=0.000000   xyz= 0.000000  
    xzx=0.000000   xzy=0.000000   xzz= 0.000000  

    yxx=0.000000   yxy=0.000000   yxz= 0.000000  
    yyx=0.000000   yyy=0.000000   yyz= 0.000000  
    yzx=0.000000   yzy=0.000000   yzz= 0.000000  

    zxx=0.000000   zxy=0.000000   zxz= 0.000000  
    zyx=0.000000   zyy=0.000000   zyz= 0.000000  
    zzx=0.000000   zzy=0.000000   zzz= 1.000000  

*******************************************************
                                      
* SHS angular distribution            
                                      
nombre de dipole = 100  
 ****************OUTPUT****************************************
 grandtheta  IPSS-IH(0°)   IPPP-IH(90°)   ISSS-IV(0°)   ISPP-IV(90°) 
 -180.000000    77.821180   263.885836   263.885836   77.821180 
 -178.000000    79.789616   265.629552   263.877206   77.837935 
 -176.000000    85.690983   270.807794   263.851318   77.888197 
 -174.000000    95.513443   279.262945   263.808189   77.971966 
 -172.000000    109.237189   290.735990   263.747840   78.089235 
 -170.000000    126.834345   304.872001   263.670307   78.239990 
 -168.000000    148.268815   321.227742   263.575634   78.424206 
 -166.000000    173.496098   339.281337   263.463874   78.641842 
 -164.000000    202.463063   358.443906   263.335097   78.892832 
 -162.000000    235.107700   378.073047   263.189380   79.177076 
 -160.000000    271.358827   397.488036   263.026816   79.494436 
 -158.000000    311.135790   415.986569   262.847512   79.844720 
 -156.000000    354.348123   432.862868   262.651590   80.227675 
 -154.000000    400.895213   447.426906   262.439187   80.642974 
 -152.000000    450.665940   459.024515   262.210458   81.090204 
 -150.000000    503.538327   467.058085   261.965577   81.568853 
 -148.000000    559.379183   471.007536   261.704737   82.078298 
 -146.000000    618.043771   470.451216   261.428149   82.617791 
 -144.000000    679.375487   465.086346   261.136048   83.186442 
 -142.000000    743.205569   454.748611   260.828689   83.783214 
 -140.000000    809.352851   439.430466   260.506353   84.406902 
 -138.000000    877.623551   419.297711   260.169342   85.056125 
 -136.000000    947.811127   394.703870   259.817985   85.729315 
 -134.000000    1019.696191   366.201922   259.452633   86.424703 
 -132.000000    1093.046504   334.552905   259.073667   87.140310 
 -130.000000    1167.617050   300.730957   258.681491   87.873945 
 -128.000000    1243.150210   265.924358   258.276538   88.623187 
 -126.000000    1319.376039   231.532193   257.859264   89.385394 
 -124.000000    1396.012652   199.156286   257.430158   90.157687 
 -122.000000    1472.766736   170.588136   256.989729   90.936961 
 -120.000000    1549.334192   147.790638   256.538517   91.719877 
 -118.000000    1625.400911   132.874492   256.077087   92.502876 
 -116.000000    1700.643692   128.069272   255.606028   93.282177 
 -114.000000    1774.731311   135.689270   255.125957   94.053795 
 -112.000000    1847.325741   158.094330   254.637513   94.813551 
 -110.000000    1918.083522   197.646051   254.141358   95.557085 
 -108.000000    1986.657293   256.659833   253.638176   96.279882 
 -106.000000    2052.697467   337.353441   253.128672   96.977290 
 -104.000000    2115.854067   441.792844   252.613569   97.644547 
 -102.000000    2175.778701   571.836272   252.093610   98.276810 
 -100.000000    2232.126677   729.077535   251.569551   98.869186 
 -98.000000    2284.559244   914.789792   251.042162   99.416769 
 -96.000000    2332.745956   1129.871023   250.512225   99.914675 
 -94.000000    2376.367130   1374.792570   249.980531   100.358083 
 -92.000000    2415.116396   1649.552149   249.447880   100.742276 
 -90.000000    2448.703311   1953.632756   248.915074   101.062687 
 -88.000000    2476.856023   2285.968881   248.382918   101.314942 
 -86.000000    2499.323948   2644.921396   247.852216   101.494908 
 -84.000000    2515.880452   3028.262394   247.323771   101.598737 
 -82.000000    2526.325499   3433.171113   246.798378   101.622920 
 -80.000000    2530.488235   3856.241932   246.276824   101.564325 
 -78.000000    2528.229493   4293.505190   245.759885   101.420249 
 -76.000000    2519.444157   4740.461343   245.248324   101.188459 
 -74.000000    2504.063394   5192.128691   244.742885   100.867235 
 -72.000000    2482.056680   5643.104586   244.244296   100.455410 
 -70.000000    2453.433618   6087.639706   243.753263   99.952406 
 -68.000000    2418.245499   6519.724617   243.270466   99.358264 
 -66.000000    2376.586587   6933.187512   242.796563   98.673674 
 -64.000000    2328.595086   7321.801627   242.332181   97.899996 
 -62.000000    2274.453774   7679.400534   241.877919   97.039280 
 -60.000000    2214.390273   7999.999161   241.434345   96.094273 
 -58.000000    2148.676930   8277.918132   241.001994   95.068427 
 -56.000000    2077.630300   8507.908778   240.581368   93.965896 
 -54.000000    2001.610215   8685.275993   240.172936   92.791526 
 -52.000000    1921.018416   8805.995990   239.777130   91.550840 
 -50.000000    1836.296766   8866.825975   239.394348   90.250017 
 -48.000000    1747.925024   8865.402796   239.024953   88.895857 
 -46.000000    1656.418192   8800.327737   238.669275   87.495742 
 -44.000000    1562.323458   8671.234817   238.327607   86.057599 
 -42.000000    1466.216728   8478.840257   238.000211   84.589837 
 -40.000000    1368.698788   8224.971109   237.687316   83.101299 
 -38.000000    1270.391119   7912.571506   237.389121   81.601189 
 -36.000000    1171.931395   7545.685432   237.105794   80.099006 
 -34.000000    1073.968701   7129.415515   236.837479   78.604470 
 -32.000000    977.158527   6669.857875   236.584290   77.127441 
 -30.000000    882.157563   6174.013688   236.346322   75.677836 
 -28.000000    789.618365   5649.678726   236.123645   74.265547 
 -26.000000    700.183943   5105.312726   235.916312   72.900352 
 -24.000000    614.482317   4549.891019   235.724361   71.591829 
 -22.000000    533.121114   3992.741346   235.547811   70.349269 
 -20.000000    456.682252   3443.369259   235.386673   69.181589 
 -18.000000    385.716787   2911.275885   235.240947   68.097251 
 -16.000000    320.739963   2405.772082   235.110626   67.104181 
 -14.000000    262.226541   1935.793241   234.995696   66.209696 
 -12.000000    210.606444   1509.719008   234.896141   65.420427 
 -10.000000    166.260787   1135.202204   234.811943   64.742262 
 -8.000000    129.518329   819.011008   234.743083   64.180283 
 -6.000000    100.652394   566.888236   234.689545   63.738721 
 -4.000000    79.878300   383.431145   234.651315   63.420910 
 -2.000000    67.351318   271.994703   234.628382   63.229254 
 0.000000    63.165206   234.620738   234.620738   63.165206 
