********************************************************
****           Py_SHS: An open source software      ****
****         about Second Harmonic Scattering       ****
**** Dr Pierre-Marie GASSIN and Dr Gaelle GASSIN    ****
****                  ICGM - ENSCM                  ****
****                   june 2021                    ****
********************************************************
                                                        
           Don't forget to cite this work:              
    J. Chem. Inf. Model. 2020, 60, 12, pp 5912–5917     
                                                        
********************************************************
********************************************************
******          SIMULATION RESULTS               *******
********************************************************
******     SURFACE HYPERPOLARISABILITY TENSOR     ******

    xxx=0.000000   xxy=0.000000   xxz= 0.000000            
    xyx=0.000000   xyy=0.000000   xyz= 0.000000  
    xzx=0.000000   xzy=0.000000   xzz= 0.000000  

    yxx=0.000000   yxy=0.000000   yxz= 0.000000  
    yyx=0.000000   yyy=0.000000   yyz= 0.000000  
    yzx=0.000000   yzy=0.000000   yzz= 0.000000  

    zxx=0.000000   zxy=0.000000   zxz= 0.000000  
    zyx=0.000000   zyy=0.000000   zyz= 0.000000  
    zzx=0.000000   zzy=0.000000   zzz= 1.000000  

*******************************************************
                                      
* SHS angular distribution            
                                      
nombre de dipole = 2  
 ****************OUTPUT****************************************
 grandtheta  IPSS-IH(0°)   IPPP-IH(90°)   ISSS-IV(0°)   ISPP-IV(90°) 
 -180.000000    3.794352   17.199658   17.199658   3.794352 
 -178.000000    3.794833   17.180552   17.197813   3.794936 
 -176.000000    3.796274   17.123333   17.192277   3.796685 
 -174.000000    3.798671   17.028306   17.183048   3.799592 
 -172.000000    3.802019   16.895974   17.170124   3.803642 
 -170.000000    3.806308   16.727039   17.153499   3.808818 
 -168.000000    3.811527   16.522399   17.133169   3.815095 
 -166.000000    3.817661   16.283144   17.109127   3.822445 
 -164.000000    3.824694   16.010551   17.081365   3.830832 
 -162.000000    3.832606   15.706079   17.049876   3.840219 
 -160.000000    3.841373   15.371363   17.014651   3.850562 
 -158.000000    3.850971   15.008206   16.975680   3.861811 
 -156.000000    3.861368   14.618576   16.932954   3.873914 
 -154.000000    3.872535   14.204594   16.886462   3.886813 
 -152.000000    3.884433   13.768527   16.836194   3.900447 
 -150.000000    3.897024   13.312780   16.782142   3.914751 
 -148.000000    3.910264   12.839884   16.724295   3.929655 
 -146.000000    3.924107   12.352492   16.662644   3.945087 
 -144.000000    3.938501   11.853361   16.597183   3.960969 
 -142.000000    3.953392   11.345348   16.527905   3.977224 
 -140.000000    3.968719   10.831392   16.454805   3.993768 
 -138.000000    3.984420   10.314509   16.377879   4.010516 
 -136.000000    4.000427   9.797772   16.297129   4.027382 
 -134.000000    4.016669   9.284302   16.212554   4.044275 
 -132.000000    4.033068   8.777251   16.124161   4.061104 
 -130.000000    4.049544   8.279790   16.031956   4.077777 
 -128.000000    4.066014   7.795084   15.935953   4.094197 
 -126.000000    4.082388   7.326286   15.836165   4.110269 
 -124.000000    4.098573   6.876504   15.732614   4.125896 
 -122.000000    4.114473   6.448794   15.625323   4.140981 
 -120.000000    4.129988   6.046127   15.514325   4.155425 
 -118.000000    4.145015   5.671372   15.399653   4.169130 
 -116.000000    4.159448   5.327269   15.281351   4.181998 
 -114.000000    4.173177   5.016400   15.159466   4.193931 
 -112.000000    4.186093   4.741170   15.034053   4.204833 
 -110.000000    4.198083   4.503769   14.905176   4.214607 
 -108.000000    4.209033   4.306149   14.772903   4.223160 
 -106.000000    4.218830   4.149992   14.637313   4.230398 
 -104.000000    4.227359   4.036683   14.498493   4.236232 
 -102.000000    4.234508   3.967279   14.356537   4.240573 
 -100.000000    4.240166   3.942480   14.211551   4.243337 
 -98.000000    4.244224   3.962606   14.063647   4.244444 
 -96.000000    4.246578   4.027572   13.912949   4.243815 
 -94.000000    4.247126   4.136864   13.759590   4.241379 
 -92.000000    4.245773   4.289524   13.603713   4.237068 
 -90.000000    4.242429   4.484140   13.445472   4.230822 
 -88.000000    4.237012   4.718832   13.285030   4.222584 
 -86.000000    4.229447   4.991253   13.122562   4.212307 
 -84.000000    4.219671   5.298597   12.958253   4.199950 
 -82.000000    4.207627   5.637606   12.792297   4.185481 
 -80.000000    4.193273   6.004591   12.624901   4.168876 
 -78.000000    4.176575   6.395461   12.456282   4.150123 
 -76.000000    4.157515   6.805760   12.286664   4.129217 
 -74.000000    4.136087   7.230707   12.116285   4.106167 
 -72.000000    4.112300   7.665250   11.945390   4.080991 
 -70.000000    4.086177   8.104130   11.774235   4.053721 
 -68.000000    4.057759   8.541942   11.603084   4.024401 
 -66.000000    4.027100   8.973216   11.432210   3.993088 
 -64.000000    3.994271   9.392490   11.261892   3.959851 
 -62.000000    3.959362   9.794398   11.092418   3.924776 
 -60.000000    3.922476   10.173756   10.924083   3.887961 
 -58.000000    3.883736   10.525647   10.757187   3.849517 
 -56.000000    3.843278   10.845515   10.592035   3.809572 
 -54.000000    3.801256   11.129243   10.428936   3.768265 
 -52.000000    3.757838   11.373238   10.268203   3.725751 
 -50.000000    3.713209   11.574505   10.110152   3.682195 
 -48.000000    3.667565   11.730713   9.955099   3.637779 
 -46.000000    3.621117   11.840253   9.803361   3.592693 
 -44.000000    3.574086   11.902282   9.655253   3.547139 
 -42.000000    3.526704   11.916755   9.511091   3.501329 
 -40.000000    3.479212   11.884440   9.371185   3.455484 
 -38.000000    3.431857   11.806926   9.235842   3.409833 
 -36.000000    3.384893   11.686598   9.105364   3.364608 
 -34.000000    3.338577   11.526616   8.980047   3.320048 
 -32.000000    3.293168   11.330861   8.860178   3.276394 
 -30.000000    3.248925   11.103875   8.746035   3.233885 
 -28.000000    3.206104   10.850777   8.637887   3.192763 
 -26.000000    3.164957   10.577176   8.535992   3.153264 
 -24.000000    3.125731   10.289064   8.440594   3.115618 
 -22.000000    3.088663   9.992699   8.351925   3.080051 
 -20.000000    3.053980   9.694487   8.270203   3.046777 
 -18.000000    3.021897   9.400849   8.195630   3.016001 
 -16.000000    2.992615   9.118095   8.128391   2.987913 
 -14.000000    2.966319   8.852292   8.068655   2.962690 
 -12.000000    2.943176   8.609139   8.016572   2.940492 
 -10.000000    2.923335   8.393848   7.972275   2.921460 
 -8.000000    2.906922   8.211033   7.935876   2.905717 
 -6.000000    2.894045   8.064613   7.907468   2.893364 
 -4.000000    2.884786   7.957726   7.887125   2.884483 
 -2.000000    2.879207   7.892662   7.874898   2.879131 
 0.000000    2.877343   7.870819   7.870819   2.877343 
